# Covariance matrix <beta_j1 beta_j2>
2.635728518547102891e-19 8.419836244837663507e-19 6.078260453248287846e-20 6.495391223842255239e-20 -1.161854686051237594e-20 -9.211682945160486061e-21 -1.194370742001277852e-20
8.419836244837663507e-19 7.358109728295737521e-18 1.700820531554471686e-18 -2.162981228371466146e-19 7.862065345036546659e-21 -4.145296251953266794e-19 -9.134939724970999886e-20
6.078260453248287846e-20 1.700820531554471686e-18 1.004494413193005583e-17 1.330824525145412685e-18 7.403740572182064602e-20 -2.127681436678356649e-19 -6.462610055395248087e-19
6.495391223842255239e-20 -2.162981228371466146e-19 1.330824525145412685e-18 1.346397102663121275e-17 2.051088242677406127e-18 -8.981744979738746022e-20 3.312750842269722615e-19
-1.161854686051237594e-20 7.862065345036546659e-21 7.403740572182064602e-20 2.051088242677406127e-18 1.829619342684236069e-17 3.079828550414029236e-18 3.305585677122287131e-19
-9.211682945160486061e-21 -4.145296251953266794e-19 -2.127681436678356649e-19 -8.981744979738746022e-20 3.079828550414029236e-18 2.057093282331463814e-17 3.366163207084654118e-18
-1.194370742001277852e-20 -9.134939724970999886e-20 -6.462610055395248087e-19 3.312750842269722615e-19 3.305585677122287131e-19 3.366163207084654118e-18 6.282324813084629515e-18
