# Covariance matrix <beta_j1 beta_j2>
3.409508197950191755e-20 7.446029195126124540e-20 4.805002070264008851e-20 2.270180454254282936e-20 -5.002435523882960315e-21 -2.724711027108736049e-20 -1.430329839500016704e-20 6.128115758068515868e-22
7.446029195126124540e-20 8.707016934796910023e-19 6.485318073671442365e-19 2.276374448119612801e-19 8.245034026111435548e-20 1.779519237682181306e-20 3.392639285019103419e-20 3.357769770399506828e-20
4.805002070264008851e-20 6.485318073671442365e-19 2.128483736379728790e-18 6.695510366243831598e-19 -2.679341398047353049e-20 3.429402053027144447e-21 3.477953817789946595e-20 -3.741691991899124698e-20
2.270180454254282936e-20 2.276374448119612801e-19 6.695510366243831598e-19 3.146509293840896933e-18 6.314600865712579601e-19 -6.473987478945614945e-20 2.522739968654161061e-20 -8.512654448634875165e-20
-5.002435523882960315e-21 8.245034026111435548e-20 -2.679341398047353049e-20 6.314600865712579601e-19 4.459575092156795175e-18 8.167585648750038116e-19 1.808901488343242567e-19 1.719325816373140919e-19
-2.724711027108736049e-20 1.779519237682181306e-20 3.429402053027144447e-21 -6.473987478945614945e-20 8.167585648750038116e-19 5.453382966004461858e-18 9.010484564343546227e-19 -8.835355382986614059e-20
-1.430329839500016704e-20 3.392639285019103419e-20 3.477953817789946595e-20 2.522739968654161061e-20 1.808901488343242567e-19 9.010484564343546227e-19 6.239166371212731891e-18 8.194185554440494622e-19
6.128115758068515868e-22 3.357769770399506828e-20 -3.741691991899124698e-20 -8.512654448634875165e-20 1.719325816373140919e-19 -8.835355382986614059e-20 8.194185554440494622e-19 1.612890829340362693e-18
