# Covariance matrix <beta_j1 beta_j2>
3.229510006796198371e-20 4.547254352723774735e-21 4.080978862724122293e-20 2.641340474480499890e-20 1.573006141562601765e-20 1.568685867684495437e-20 -3.753957495714390348e-21 -7.382211540966438180e-21 -1.378949092585466175e-20 -1.385480425826120539e-20 -2.603619322301613025e-21 -1.262395669833550866e-20 2.359903524210859150e-21
4.547254352723774735e-21 1.890435106764817572e-19 1.260870142652268267e-19 1.318671948854763999e-19 5.893541126119140774e-20 5.576894637083530638e-20 5.847643768332157936e-20 3.070535962012370034e-20 3.291022260781427184e-20 -3.187051241645937868e-20 6.262229838616119727e-21 -1.610650189449018865e-20 1.261604142497485643e-21
4.080978862724122293e-20 1.260870142652268267e-19 3.205601148286667538e-19 2.671515108838162159e-19 1.487607957827019270e-19 9.113700957495244040e-20 2.296850589310676920e-20 7.249029064888789093e-21 1.985554672010250748e-20 -1.281482854659717701e-20 3.588465526174724637e-20 4.239977105964780909e-20 2.340164933229173975e-20
2.641340474480499890e-20 1.318671948854763999e-19 2.671515108838162159e-19 7.941982082277952174e-19 4.144901519003343867e-19 7.306562799432762535e-20 4.567533505228784511e-20 4.930888429086564946e-21 4.054515093881473920e-20 -2.453884911603854373e-20 3.728944502767515268e-20 -6.080961844075208276e-20 1.564525112723809436e-20
1.573006141562601765e-20 5.893541126119140774e-20 1.487607957827019270e-19 4.144901519003343867e-19 1.204374099076312762e-18 4.543851271758615385e-19 5.748197217006673083e-20 -5.613860737833926526e-20 1.610983153855629825e-20 -4.252593739419397402e-20 3.622427874747042822e-20 -1.366005302668981445e-20 -2.471645190256819454e-20
1.568685867684495437e-20 5.576894637083530638e-20 9.113700957495244040e-20 7.306562799432762535e-20 4.543851271758615385e-19 1.481934968965908504e-18 4.820222059047823045e-19 -8.434295457579748325e-20 -5.200551944082897706e-21 -3.354024828566264942e-20 -3.273250252839623891e-20 -2.976004125937824778e-20 -2.520032073369480324e-20
-3.753957495714390348e-21 5.847643768332157936e-20 2.296850589310676920e-20 4.567533505228784511e-20 5.748197217006673083e-20 4.820222059047823045e-19 2.000323485852079094e-18 5.281043510191958486e-19 -1.845582798573269416e-21 -6.484124486073964586e-20 7.499865619487657895e-20 7.625126996282611989e-20 -2.618350118685831794e-20
-7.382211540966438180e-21 3.070535962012370034e-20 7.249029064888789093e-21 4.930888429086564946e-21 -5.613860737833926526e-20 -8.434295457579748325e-20 5.281043510191958486e-19 2.494684115393559035e-18 5.128775896675056584e-19 3.070785383151129773e-20 2.406386256744955805e-20 1.006303926994664595e-19 1.286696688947582619e-19
-1.378949092585466175e-20 3.291022260781427184e-20 1.985554672010250748e-20 4.054515093881473920e-20 1.610983153855629825e-20 -5.200551944082897706e-21 -1.845582798573269416e-21 5.128775896675056584e-19 2.922484515604732887e-18 5.821554199312782623e-19 -9.541138745792412499e-20 -1.027724755055189254e-19 -2.007586561393503785e-20
-1.385480425826120539e-20 -3.187051241645937868e-20 -1.281482854659717701e-20 -2.453884911603854373e-20 -4.252593739419397402e-20 -3.354024828566264942e-20 -6.484124486073964586e-20 3.070785383151129773e-20 5.821554199312782623e-19 3.100079691291087912e-18 6.619018654349094412e-19 6.154528636323405740e-20 -2.867521153325870127e-20
-2.603619322301613025e-21 6.262229838616119727e-21 3.588465526174724637e-20 3.728944502767515268e-20 3.622427874747042822e-20 -3.273250252839623891e-20 7.499865619487657895e-20 2.406386256744955805e-20 -9.541138745792412499e-20 6.619018654349094412e-19 3.326338935278944722e-18 7.811917002500007282e-19 7.169806820377778171e-20
-1.262395669833550866e-20 -1.610650189449018865e-20 4.239977105964780909e-20 -6.080961844075208276e-20 -1.366005302668981445e-20 -2.976004125937824778e-20 7.625126996282611989e-20 1.006303926994664595e-19 -1.027724755055189254e-19 6.154528636323405740e-20 7.811917002500007282e-19 3.296889377681174652e-18 3.169636298022085457e-19
2.359903524210859150e-21 1.261604142497485643e-21 2.340164933229173975e-20 1.564525112723809436e-20 -2.471645190256819454e-20 -2.520032073369480324e-20 -2.618350118685831794e-20 1.286696688947582619e-19 -2.007586561393503785e-20 -2.867521153325870127e-20 7.169806820377778171e-20 3.169636298022085457e-19 9.553300905414252941e-19
