# corr_400
1.000000000000000000e+00 6.283314549637857294e-01 2.690011425821739466e-01 -3.042087566662758369e-01 6.410031389234660537e-01 3.950652235126709821e-01 5.982978130920795223e-01 -8.089448241719311705e-02 -3.691995883962274072e-01 -6.719669964218855096e-01 -2.921100430968900374e-01 -5.098106037388653311e-01 5.414561818008964966e-01
6.283314549637857294e-01 9.999999999999998890e-01 -3.358543162113118985e-01 2.125258369759219224e-01 3.452351197102551117e-01 4.888341477566842674e-01 -8.427462053855999669e-02 -6.305831159558685783e-01 -2.368384650852175533e-01 -2.661038431152641381e-01 -4.195984817697376856e-01 1.910502070632651705e-01 9.520927486589946254e-01
2.690011425821739466e-01 -3.358543162113118985e-01 1.000000000000000000e+00 -5.082415012344765337e-01 5.564381775374617201e-01 -1.062916541779774654e-01 7.675292427584465837e-01 4.675661093824664549e-01 -5.201083702176551027e-02 8.683146209460473885e-02 -1.554789948035990299e-01 -9.456966693022931247e-01 -4.688995685602407315e-01
-3.042087566662758369e-01 2.125258369759219224e-01 -5.082415012344765337e-01 9.999999999999997780e-01 -7.643569993448355859e-01 -6.234156847425087467e-01 -8.674495276986435854e-01 -6.363558039052893411e-01 4.501747463824318785e-01 -1.011147328081794389e-01 -6.536821912071946183e-01 6.746267975555184648e-01 6.095215870680972814e-02
6.410031389234660537e-01 3.452351197102551117e-01 5.564381775374617201e-01 -7.643569993448355859e-01 1.000000000000000000e+00 7.368175625813784269e-01 8.339599279705927071e-01 2.385371266774078958e-01 -4.328977418855303738e-01 8.013596858166309456e-02 1.431576000702582951e-01 -7.133212394305397108e-01 3.745248884420632751e-01
3.950652235126709821e-01 4.888341477566842674e-01 -1.062916541779774793e-01 -6.234156847425087467e-01 7.368175625813784269e-01 1.000000000000000000e+00 4.183430462114160475e-01 8.333122312137916654e-02 -3.850609855751833122e-01 1.676334081879992111e-01 5.047906729842959184e-01 -1.096224210835749641e-01 6.822640921168742212e-01
5.982978130920795223e-01 -8.427462053855998281e-02 7.675292427584466948e-01 -8.674495276986435854e-01 8.339599279705927071e-01 4.183430462114159920e-01 1.000000000000000000e+00 5.737170430132173538e-01 -3.564309834455638981e-01 -1.578255098804902390e-01 2.385908150733885569e-01 -9.220717439910672830e-01 -7.583817477684171027e-02
-8.089448241719310317e-02 -6.305831159558685783e-01 4.675661093824664549e-01 -6.363558039052893411e-01 2.385371266774079235e-01 8.333122312137915266e-02 5.737170430132173538e-01 1.000000000000000000e+00 3.942944134961233471e-02 7.295212535131234688e-02 5.937051846192210602e-01 -5.019885313925447345e-01 -5.270769746611617679e-01
-3.691995883962274072e-01 -2.368384650852175533e-01 -5.201083702176551027e-02 4.501747463824318785e-01 -4.328977418855304293e-01 -3.850609855751832566e-01 -3.564309834455638981e-01 3.942944134961233471e-02 9.999999999999998890e-01 1.745844334033957446e-01 -1.424105227201852286e-01 2.036398061521713376e-01 -2.928128294960549161e-01
-6.719669964218856206e-01 -2.661038431152641381e-01 8.683146209460475273e-02 -1.011147328081794527e-01 8.013596858166309456e-02 1.676334081879992111e-01 -1.578255098804902390e-01 7.295212535131234688e-02 1.745844334033957168e-01 9.999999999999998890e-01 2.809853570314634341e-01 1.127236206654131240e-01 -1.741401315604740874e-01
-2.921100430968900374e-01 -4.195984817697377411e-01 -1.554789948035990299e-01 -6.536821912071946183e-01 1.431576000702582951e-01 5.047906729842959184e-01 2.385908150733885569e-01 5.937051846192211713e-01 -1.424105227201852286e-01 2.809853570314634896e-01 9.999999999999998890e-01 4.151432365468837177e-02 -1.285252024903998924e-01
-5.098106037388653311e-01 1.910502070632651705e-01 -9.456966693022930137e-01 6.746267975555184648e-01 -7.133212394305397108e-01 -1.096224210835749641e-01 -9.220717439910673940e-01 -5.019885313925447345e-01 2.036398061521713376e-01 1.127236206654131240e-01 4.151432365468837177e-02 9.999999999999997780e-01 2.832424818567590985e-01
5.414561818008964966e-01 9.520927486589946254e-01 -4.688995685602407870e-01 6.095215870680974202e-02 3.745248884420632196e-01 6.822640921168742212e-01 -7.583817477684171027e-02 -5.270769746611616569e-01 -2.928128294960549161e-01 -1.741401315604740596e-01 -1.285252024903999202e-01 2.832424818567590430e-01 1.000000000000000000e+00
