# Covariance matrix <beta_j1 beta_j2>
1.098179131319166783e-20 2.281883333681127011e-22 2.378657351665064268e-20 1.033628808847079196e-20 5.183311184583956778e-21 1.250982798365454976e-21 -8.079534902794179270e-21 -1.457207608569424629e-21 -9.325313577923855984e-21 6.789300359933423522e-22 -6.314822370306527201e-21 -2.427439943141668001e-21 1.466737853993445216e-21
2.281883333681127011e-22 5.445756778795204012e-19 3.550280469049176313e-19 7.762689666464939647e-20 2.419180647803702863e-20 1.762954252971194173e-20 4.657977271272455034e-20 5.147902426793206438e-20 5.473174763679494617e-20 -3.585537290587543236e-20 9.424815603119263700e-21 -1.089787222159245985e-20 -1.522667896786277209e-20
2.378657351665064268e-20 3.550280469049176313e-19 8.704467232014812978e-19 3.195834845628872888e-19 1.346487609513514303e-19 7.473819537053906553e-20 -4.170336342262519990e-20 2.501885595719205932e-20 4.387875510444894341e-20 -9.958910861558066107e-21 5.842782793908560618e-20 6.969879592586105046e-20 4.982581043811380944e-21
1.033628808847079196e-20 7.762689666464939647e-20 3.195834845628872888e-19 1.330906454632651795e-18 3.876154942791765787e-19 -6.614861524319900584e-21 -1.171390316418635877e-20 -5.578766076379085858e-20 4.414598467226044536e-20 -8.941952574758682155e-20 7.164350090474778403e-20 -3.799828469337384306e-21 6.988875712849150848e-21
5.183311184583956778e-21 2.419180647803702863e-20 1.346487609513514303e-19 3.876154942791765787e-19 1.721020822890468586e-18 3.142087028197690839e-19 1.609705003514714714e-20 -1.091642150298480848e-19 6.871753822757115005e-21 -5.688976498738673079e-20 3.575181541059641661e-20 -3.509683423020281011e-20 -8.667902998403235069e-22
1.250982798365454976e-21 1.762954252971194173e-20 7.473819537053906553e-20 -6.614861524319900584e-21 3.142087028197690839e-19 1.830106137724944900e-18 3.371558063519724048e-19 -1.596673430052261697e-19 3.903152925642222660e-20 7.525335352604061903e-20 -1.334534374083826776e-19 -1.165701818636818629e-19 -4.957499034355554570e-20
-8.079534902794179270e-21 4.657977271272455034e-20 -4.170336342262519990e-20 -1.171390316418635877e-20 1.609705003514714714e-20 3.371558063519724048e-19 2.402846893423469798e-18 4.249079827162009448e-19 -1.080240885420280501e-19 -1.070543404486923922e-19 1.269856376175731067e-19 1.078860088065754824e-19 5.904641013801567424e-22
-1.457207608569424629e-21 5.147902426793206438e-20 2.501885595719205932e-20 -5.578766076379085858e-20 -1.091642150298480848e-19 -1.596673430052261697e-19 4.249079827162009448e-19 2.685318966702612831e-18 3.580987684107890976e-19 -1.217350218650484028e-20 -3.143381075857042793e-20 1.100098545858966256e-19 1.036013393575887787e-19
-9.325313577923855984e-21 5.473174763679494617e-20 4.387875510444894341e-20 4.414598467226044536e-20 6.871753822757115005e-21 3.903152925642222660e-20 -1.080240885420280501e-19 3.580987684107890976e-19 3.165768427957377313e-18 5.167249849492739080e-19 -1.374605900365546913e-19 -1.500348869890392729e-19 -7.694198621814811666e-21
6.789300359933423522e-22 -3.585537290587543236e-20 -9.958910861558066107e-21 -8.941952574758682155e-20 -5.688976498738673079e-20 7.525335352604061903e-20 -1.070543404486923922e-19 -1.217350218650484028e-20 5.167249849492739080e-19 3.241296861201353693e-18 6.394619884542829352e-19 6.373997775377973417e-20 -5.514057441975107355e-20
-6.314822370306527201e-21 9.424815603119263700e-21 5.842782793908560618e-20 7.164350090474778403e-20 3.575181541059641661e-20 -1.334534374083826776e-19 1.269856376175731067e-19 -3.143381075857042793e-20 -1.374605900365546913e-19 6.394619884542829352e-19 3.457969646506580440e-18 7.453962141714933531e-19 6.110500713216473445e-20
-2.427439943141668001e-21 -1.089787222159245985e-20 6.969879592586105046e-20 -3.799828469337384306e-21 -3.509683423020281011e-20 -1.165701818636818629e-19 1.078860088065754824e-19 1.100098545858966256e-19 -1.500348869890392729e-19 6.373997775377973417e-20 7.453962141714933531e-19 3.369991267810679857e-18 3.325046166541766889e-19
1.466737853993445216e-21 -1.522667896786277209e-20 4.982581043811380944e-21 6.988875712849150848e-21 -8.667902998403235069e-22 -4.957499034355554570e-20 5.904641013801567424e-22 1.036013393575887787e-19 -7.694198621814811666e-21 -5.514057441975107355e-20 6.110500713216473445e-20 3.325046166541766889e-19 1.016682063792636939e-18
